	F01	F02	F03	F04	F05	F06	F07	F08	F09	F10	F11	F12	F13	F14	F15	F16	F17	F18	F19	F20	F21	F22	F23	F24	F25	F26	F27	F28	F29	F30	F31	F32	F33	F34	F35	F36	F37	F38	F39	F40	F41	F42	F43	F44	F45	F46	F47	F48	F49	F50	F51	F52	F53	F54	F55	F56	F57	F58	F59	F60	F61	F62	F63	F64	F65	F66	F67	F68	F69	F70
F01	0	0.413883214	0.410132049	0.596460175	0.411519208	0.446250508	0.392573509	0.547704893	0.526404795	0.475003887	0.601935417	0.626538016	0.502690952	0.522949767	0.580874716	0.613686418	0.598739446	0.644725104	0.641548593	0.650076362	0.608272493	0.660283175	0.558293591	0.623326343	0.644117888	0.56206004	0.620279854	0.625125364	0.647505418	0.671570993	0.447325623	0.422180577	0.430967186	0.456835183	0.518647358	0.4066892	0.40733328	0.5333116	0.451002609	0.483776671	0.678137773	0.561211886	0.648493899	0.65362507	0.590863064	0.648358954	0.675673262	0.605665549	0.688402361	0.64450479	0.513689647	0.464486813	0.496002819	0.575618646	0.591866484	0.510842421	0.534100038	0.764728752	0.460122964	0.499899565	0.549216699	0.473162752	0.547644939	0.433611014	0.503640061	0.422080607	0.489868041	0.483961809	0.57188429	0.491209494
F02	0.413883214	0	0.431339309	0.60627192	0.412219927	0.464699657	0.372526267	0.503929236	0.466458447	0.495495288	0.607549261	0.618775811	0.503341061	0.535735294	0.592545758	0.585306683	0.588951915	0.639591523	0.64051006	0.648108578	0.605544498	0.666683799	0.569091641	0.632788014	0.644252602	0.558427023	0.60322266	0.625787498	0.637204083	0.677732978	0.439070117	0.40340662	0.370970812	0.454874452	0.473112622	0.381021299	0.42344999	0.516816578	0.419111848	0.507614647	0.678349359	0.544136061	0.638039474	0.651187641	0.584808681	0.627617839	0.667212686	0.59797443	0.686112163	0.643561583	0.489941161	0.472097578	0.489961195	0.556099608	0.590614754	0.506648962	0.546890295	0.758133357	0.440505121	0.482174684	0.511908925	0.443186956	0.536431374	0.446906794	0.492185804	0.41236045	0.487347929	0.480329626	0.584605619	0.453966092
F03	0.410132049	0.431339309	0	0.668815702	0.441562707	0.434236648	0.407806997	0.60490788	0.434542905	0.531194777	0.564606754	0.552487144	0.420988164	0.489473721	0.507871021	0.53568666	0.5387184	0.577350118	0.593062596	0.603013549	0.563103489	0.606738603	0.478329844	0.588171788	0.585848583	0.492363043	0.561731878	0.56624903	0.581443389	0.611889528	0.407267444	0.498199409	0.392119394	0.403039469	0.549681597	0.429233109	0.426922153	0.493488115	0.484381797	0.537447701	0.630814371	0.498797566	0.579356467	0.603190674	0.512689872	0.58475549	0.603346816	0.539015719	0.641875561	0.593148664	0.4375468	0.461548266	0.415498577	0.493588224	0.510910203	0.462613817	0.467950091	0.765735842	0.427630721	0.483428301	0.488043265	0.42204264	0.495629002	0.377145131	0.451422423	0.403470573	0.446450633	0.415392025	0.524625757	0.431932759
F04	0.596460175	0.60627192	0.668815702	0	0.497505265	0.537499523	0.580606045	0.374590886	0.746004874	0.423139025	0.817590773	0.815639468	0.744540989	0.770258401	0.800597043	0.805886176	0.810656346	0.823021029	0.830569082	0.828818264	0.811911921	0.841612451	0.789164228	0.829062556	0.83847024	0.790349029	0.81582746	0.827967691	0.833825585	0.846567789	0.694759366	0.471733838	0.612157049	0.536315876	0.415567801	0.591067252	0.523613422	0.762407672	0.528690807	0.408074709	0.853274707	0.777806504	0.833266439	0.833101686	0.803714263	0.82540759	0.843977494	0.814756278	0.852713579	0.832285605	0.755460966	0.724646953	0.73406304	0.789650789	0.808065325	0.754653627	0.774041432	0.794577373	0.665229197	0.737914918	0.765010528	0.720371566	0.767102585	0.708069047	0.731632798	0.697999183	0.722248186	0.72244635	0.801336525	0.727763467
F05	0.411519208	0.412219927	0.441562707	0.497505265	0	0.372776075	0.369553633	0.403621575	0.562526251	0.426368893	0.674129411	0.675822412	0.54364096	0.59952031	0.640515825	0.653396119	0.670980921	0.698490904	0.696398125	0.705915622	0.667776243	0.719033101	0.619138914	0.691914729	0.70409712	0.62577618	0.674580277	0.686905989	0.705664297	0.727721167	0.454277977	0.348104054	0.424382206	0.338480922	0.376443168	0.384368675	0.351037836	0.587997849	0.40071323	0.413899538	0.735502735	0.605536338	0.702779597	0.707446377	0.646283711	0.688451167	0.725212977	0.667392971	0.738054789	0.703855707	0.572590563	0.515805746	0.554206925	0.625385853	0.654742618	0.575286548	0.600016404	0.777526814	0.467839961	0.556674864	0.569892387	0.54144948	0.603458869	0.516688632	0.549133113	0.477333603	0.539896421	0.525676417	0.627148246	0.538556891
F06	0.446250508	0.464699657	0.434236648	0.537499523	0.372776075	0	0.37480875	0.469609624	0.558127799	0.409343144	0.649679953	0.649327885	0.563772285	0.579195403	0.620979184	0.636290324	0.646688184	0.663682505	0.662989859	0.674826611	0.642456326	0.696354562	0.608023641	0.671605097	0.683255778	0.604220091	0.66544872	0.673489569	0.678037457	0.709981376	0.497520927	0.364265214	0.413380735	0.387851625	0.437981574	0.43402312	0.347511217	0.564074343	0.438218211	0.430101104	0.711579486	0.589308047	0.670930061	0.677725433	0.612550521	0.661757599	0.707551584	0.640440183	0.714415254	0.679429828	0.556057426	0.51983601	0.525298317	0.629857899	0.63640316	0.56088217	0.589245178	0.754584548	0.468688048	0.531422071	0.570528288	0.511223643	0.579510105	0.478508152	0.525560634	0.434811328	0.495073704	0.511740673	0.617695924	0.517409019
F07	0.392573509	0.372526267	0.407806997	0.580606045	0.369553633	0.37480875	0	0.501659888	0.497172115	0.448800726	0.620487693	0.612544395	0.497764485	0.557345673	0.590954674	0.594909315	0.603040117	0.631662572	0.64497519	0.641606859	0.61727921	0.659710629	0.558269938	0.641297085	0.646747232	0.578998308	0.61561973	0.643057755	0.642652188	0.675915297	0.443860128	0.388716338	0.377163042	0.362062099	0.468456117	0.393418932	0.396934315	0.517959681	0.394631914	0.482127357	0.678140835	0.547440481	0.642731357	0.643017455	0.580009227	0.647830584	0.672402474	0.600255863	0.68312322	0.646275035	0.502575791	0.474876161	0.511335325	0.570885229	0.599103005	0.521051121	0.542435113	0.785508862	0.411912471	0.508607127	0.532879289	0.474760525	0.539742664	0.468632709	0.491451825	0.456392501	0.51569476	0.494755649	0.575308187	0.468399955
F08	0.547704893	0.503929236	0.60490788	0.374590886	0.403621575	0.469609624	0.501659888	0	0.689834282	0.456838476	0.770840133	0.775082052	0.679836446	0.714546362	0.752683575	0.758504956	0.766022691	0.787966679	0.791286781	0.794061786	0.768049715	0.803365998	0.733094091	0.780301123	0.793238892	0.74091443	0.771336334	0.782112242	0.790236175	0.809234857	0.614692244	0.402144078	0.536908722	0.455117001	0.352979786	0.5134178	0.417535268	0.713135886	0.442414209	0.376590055	0.812661465	0.729574545	0.790831232	0.794113938	0.751072691	0.783294608	0.812506046	0.769032212	0.816541087	0.79470064	0.691129941	0.651452621	0.684470908	0.735666984	0.756906684	0.693359716	0.71627087	0.779962706	0.595628983	0.668903041	0.710129209	0.651817395	0.71823344	0.638270479	0.681420991	0.618881352	0.667761665	0.654828122	0.746772903	0.664507299
F09	0.526404795	0.466458447	0.434542905	0.746004874	0.562526251	0.558127799	0.497172115	0.689834282	0	0.643914171	0.46157196	0.476612153	0.397642997	0.401083682	0.42235079	0.433887381	0.45347075	0.471766891	0.486705769	0.502067395	0.439705507	0.509262529	0.412132045	0.491774442	0.495695099	0.397504863	0.437951457	0.458263997	0.467530911	0.517994013	0.420828488	0.593601177	0.454534901	0.556401607	0.670032697	0.486444472	0.555145444	0.433456005	0.60242645	0.678945759	0.528131749	0.396069292	0.487127181	0.503733167	0.456041143	0.488857413	0.501646791	0.429503829	0.536712083	0.473871343	0.393486997	0.402267625	0.373942633	0.382892022	0.415569778	0.435149501	0.38931207	0.785800679	0.470254622	0.426960439	0.387679591	0.387256891	0.414706908	0.404864584	0.440678021	0.422996076	0.461045292	0.401444523	0.442345524	0.399625545
F10	0.475003887	0.495495288	0.531194777	0.423139025	0.426368893	0.409343144	0.448800726	0.456838476	0.643914171	0	0.720517148	0.726228626	0.635552388	0.667029022	0.710189998	0.719574419	0.724042423	0.742227509	0.74298679	0.749999328	0.719775626	0.764924573	0.690746416	0.738207713	0.757420219	0.69298749	0.730417182	0.742614757	0.745794242	0.774484538	0.588474913	0.345212148	0.482153252	0.431138531	0.390187553	0.48442318	0.423665802	0.655265386	0.43247751	0.379911911	0.77883425	0.675545318	0.746765434	0.748892536	0.703544004	0.733767304	0.771241212	0.716784339	0.779417245	0.750191302	0.632815868	0.612782355	0.635444284	0.694967058	0.71988142	0.63447232	0.672689422	0.780783738	0.58929619	0.636753646	0.641936475	0.577573413	0.660240792	0.573797789	0.60120236	0.585590852	0.615058504	0.605219017	0.69911582	0.626989282
F11	0.601935417	0.607549261	0.564606754	0.817590773	0.674129411	0.649679953	0.620487693	0.770840133	0.46157196	0.720517148	0	0.405108741	0.462225201	0.427340423	0.439036367	0.399537152	0.395214981	0.436448571	0.404026653	0.400633902	0.427371339	0.479306949	0.421292401	0.439965471	0.407032961	0.41273594	0.434706292	0.395017042	0.390602902	0.428847912	0.517390766	0.694409438	0.576353773	0.658677161	0.759856125	0.604685547	0.670277825	0.483375787	0.712436856	0.76041203	0.466199974	0.418662986	0.443787428	0.439829208	0.430796276	0.434975262	0.432741506	0.430855594	0.457952826	0.439568687	0.485042398	0.466890034	0.454688066	0.423465397	0.387576539	0.429842591	0.416426955	0.778843828	0.562899835	0.505677936	0.453832185	0.477059355	0.42607538	0.474798181	0.492653674	0.476071118	0.505849607	0.490654987	0.404669132	0.471863916
F12	0.626538016	0.618775811	0.552487144	0.815639468	0.675822412	0.649327885	0.612544395	0.775082052	0.476612153	0.726228626	0.405108741	0	0.431486283	0.452156686	0.424510533	0.426500487	0.423431667	0.424581142	0.417205732	0.43432833	0.437798498	0.470904614	0.401762673	0.447236016	0.403064626	0.396563744	0.454927479	0.403521091	0.414350092	0.441287825	0.516776326	0.694999384	0.582818967	0.667172398	0.761199737	0.596869229	0.672737225	0.464445175	0.687915843	0.758397092	0.4946141	0.413645189	0.43749749	0.415267369	0.418430138	0.438943102	0.421251259	0.379864027	0.468547455	0.453331387	0.450452293	0.482052317	0.446589553	0.442855568	0.418817556	0.468750425	0.393097885	0.785895268	0.575637787	0.479813208	0.450713776	0.495954908	0.406231028	0.502325515	0.489668742	0.48189414	0.489775191	0.479511571	0.461987245	0.492580276
F13	0.502690952	0.503341061	0.420988164	0.744540989	0.54364096	0.563772285	0.497764485	0.679836446	0.397642997	0.635552388	0.462225201	0.431486283	0	0.44705368	0.39829431	0.450749342	0.435875932	0.472439166	0.463414232	0.487912835	0.422690281	0.489427912	0.401256029	0.454614971	0.476285195	0.421291183	0.442762427	0.442351505	0.488307111	0.52523352	0.361442796	0.595385539	0.467909117	0.532053159	0.670152254	0.512720182	0.552161883	0.446536153	0.610382126	0.660122108	0.543807938	0.379058401	0.495474921	0.49642077	0.441273564	0.499670955	0.499960788	0.427209426	0.513481831	0.49211785	0.413200278	0.404369699	0.402007217	0.420172772	0.430460393	0.430240803	0.351224538	0.78703545	0.460444468	0.411240744	0.404855418	0.409192081	0.365869652	0.421296346	0.420453223	0.380098673	0.465300063	0.41933364	0.412744663	0.400695319
F14	0.522949767	0.535735294	0.489473721	0.770258401	0.59952031	0.579195403	0.557345673	0.714546362	0.401083682	0.667029022	0.427340423	0.452156686	0.44705368	0	0.397454383	0.391787646	0.40837842	0.422886414	0.447238596	0.473147834	0.444928909	0.480275932	0.434913232	0.439748624	0.454901243	0.391827305	0.421716837	0.429968623	0.449261589	0.495379482	0.449503223	0.622928031	0.50122606	0.600283972	0.701559829	0.516673317	0.590229732	0.420008212	0.623607661	0.69979742	0.512054379	0.407527167	0.479768577	0.457564906	0.442753682	0.469320629	0.456596203	0.429278675	0.493762452	0.448467122	0.421928726	0.464480979	0.409439965	0.39729535	0.415641993	0.434620516	0.366552349	0.777592078	0.493283451	0.46596843	0.423673538	0.383626089	0.426577744	0.395449014	0.433648816	0.43368286	0.439018449	0.456430661	0.452684357	0.41501459
F15	0.580874716	0.592545758	0.507871021	0.800597043	0.640515825	0.620979184	0.590954674	0.752683575	0.42235079	0.710189998	0.439036367	0.424510533	0.39829431	0.397454383	0	0.392722674	0.395298495	0.385908091	0.422872603	0.447046893	0.426479975	0.421398806	0.427048901	0.404043062	0.431363379	0.426327708	0.44222799	0.398797705	0.419926711	0.474928038	0.461770604	0.667548234	0.544174031	0.633889066	0.7413458	0.576022717	0.642232935	0.427700579	0.671398127	0.743492856	0.484272302	0.417653443	0.442760955	0.450104469	0.421054495	0.443882656	0.425662914	0.390066963	0.480763222	0.428091014	0.428180134	0.433034727	0.442625251	0.432844095	0.380218542	0.45367207	0.377291631	0.786804076	0.536899718	0.475360997	0.448284675	0.466254109	0.425910657	0.46943967	0.447935937	0.46497692	0.457981483	0.482994324	0.433212396	0.472969938
F16	0.613686418	0.585306683	0.53568666	0.805886176	0.653396119	0.636290324	0.594909315	0.758504956	0.433887381	0.719574419	0.399537152	0.426500487	0.450749342	0.391787646	0.392722674	0	0.408812576	0.405349002	0.4329549	0.452841072	0.430975366	0.449417532	0.426133333	0.433764473	0.427191771	0.41413586	0.456753357	0.408450102	0.402728792	0.466818555	0.505210973	0.673966112	0.551507263	0.638147673	0.747917836	0.581855218	0.657867389	0.429633593	0.675080453	0.747037261	0.468517852	0.398373252	0.434539773	0.427221337	0.411986999	0.458335469	0.443918064	0.429108659	0.458406131	0.438157742	0.454147987	0.480198729	0.428558772	0.422823408	0.401556419	0.458362218	0.392802805	0.780425133	0.535872338	0.473877439	0.437536337	0.473006362	0.437432822	0.446712618	0.443960392	0.466614518	0.492869893	0.462924522	0.444442035	0.463947924
F17	0.598739446	0.588951915	0.5387184	0.810656346	0.670980921	0.646688184	0.603040117	0.766022691	0.45347075	0.724042423	0.395214981	0.423431667	0.435875932	0.40837842	0.395298495	0.408812576	0	0.426205933	0.440428002	0.429583083	0.403916963	0.432758316	0.38666555	0.457800328	0.390482369	0.408191002	0.408847404	0.401053386	0.415923848	0.407562046	0.518293196	0.683766236	0.575610647	0.65148455	0.759176524	0.596959033	0.663542806	0.45747303	0.679648777	0.753146327	0.451644832	0.401951431	0.430400107	0.413435132	0.409672907	0.442607335	0.4097597	0.412393645	0.432877597	0.393610616	0.440836874	0.448731803	0.424172375	0.400347775	0.367912623	0.4384708	0.381608424	0.770415879	0.524723889	0.476060061	0.459566571	0.462083418	0.42571394	0.468632313	0.488093535	0.454700542	0.507493579	0.494816725	0.420254024	0.466699357
F18	0.644725104	0.639591523	0.577350118	0.823021029	0.698490904	0.663682505	0.631662572	0.787966679	0.471766891	0.742227509	0.436448571	0.424581142	0.472439166	0.422886414	0.385908091	0.405349002	0.426205933	0	0.411140419	0.437122475	0.444682345	0.463011531	0.443957218	0.417101688	0.39873089	0.46334025	0.422629322	0.382035188	0.411388368	0.459796301	0.524049421	0.716084261	0.604854605	0.682747425	0.777962398	0.639220637	0.69348992	0.467937711	0.713216488	0.777675277	0.474574512	0.436138033	0.455183028	0.416820355	0.455785714	0.447126236	0.39420308	0.399169747	0.4527363	0.44413963	0.466633167	0.516744532	0.439736736	0.421205344	0.425080093	0.502463344	0.414871226	0.793841833	0.599442966	0.510274611	0.470888278	0.490145515	0.421759317	0.508703928	0.508426609	0.510996129	0.482439769	0.512787345	0.449608606	0.509507469
F19	0.641548593	0.64051006	0.593062596	0.830569082	0.696398125	0.662989859	0.64497519	0.791286781	0.486705769	0.74298679	0.404026653	0.417205732	0.463414232	0.447238596	0.422872603	0.4329549	0.440428002	0.411140419	0	0.450490267	0.433880377	0.464328045	0.462108346	0.444957455	0.394046164	0.398523352	0.447076453	0.396748966	0.406511709	0.41192084	0.542811468	0.715006601	0.602087751	0.685537431	0.780487378	0.632714513	0.695390287	0.474915076	0.716243909	0.777899289	0.484592083	0.437696453	0.432185504	0.433453611	0.441459486	0.416425192	0.424488417	0.421268555	0.460393906	0.442886445	0.485001906	0.498070585	0.467122813	0.454169684	0.412765947	0.472055942	0.409921499	0.790971989	0.596795628	0.516900375	0.477100198	0.503450818	0.424103098	0.525841124	0.499225383	0.50438021	0.505424344	0.514648805	0.442141067	0.494503631
F20	0.650076362	0.648108578	0.603013549	0.828818264	0.705915622	0.674826611	0.641606859	0.794061786	0.502067395	0.749999328	0.400633902	0.43432833	0.487912835	0.473147834	0.447046893	0.452841072	0.429583083	0.437122475	0.450490267	0	0.425160358	0.497846298	0.447133062	0.472953278	0.428872225	0.448896876	0.473277485	0.396556486	0.420252691	0.452150981	0.56194781	0.722316507	0.613652785	0.689083472	0.784728495	0.637693131	0.705363228	0.516132953	0.73344578	0.785030887	0.470565121	0.433314026	0.427182134	0.428712409	0.455262382	0.451323155	0.468719455	0.447955885	0.468690072	0.455586164	0.484765741	0.505871408	0.469465117	0.471234676	0.405764251	0.492768876	0.452467794	0.799577311	0.593394368	0.513974476	0.483879577	0.514296036	0.475603403	0.529843453	0.518484244	0.521711556	0.534406743	0.517047449	0.4408494	0.519404439
F21	0.608272493	0.605544498	0.563103489	0.811911921	0.667776243	0.642456326	0.61727921	0.768049715	0.439705507	0.719775626	0.427371339	0.437798498	0.422690281	0.444928909	0.426479975	0.430975366	0.403916963	0.444682345	0.433880377	0.425160358	0	0.475321889	0.418788891	0.447505463	0.44965574	0.396827803	0.43792469	0.395408235	0.375172659	0.450552559	0.528109662	0.690820398	0.56376132	0.657634427	0.757857061	0.596722972	0.666273984	0.484402905	0.697278504	0.755021204	0.484429306	0.419625439	0.44332355	0.435516636	0.443139791	0.421514301	0.455345991	0.4041551	0.462287953	0.434616448	0.452969831	0.466665886	0.426760359	0.422647217	0.413245761	0.478786467	0.420626928	0.802046749	0.564592175	0.456013163	0.443697269	0.475636549	0.436647483	0.498936185	0.476076366	0.470170087	0.512181177	0.487473675	0.406926787	0.49567033
F22	0.660283175	0.666683799	0.606738603	0.841612451	0.719033101	0.696354562	0.659710629	0.803365998	0.509262529	0.764924573	0.479306949	0.470904614	0.489427912	0.480275932	0.421398806	0.449417532	0.432758316	0.463011531	0.464328045	0.497846298	0.475321889	0	0.494626143	0.437396504	0.447284147	0.463080832	0.477989166	0.444344919	0.457275388	0.475291075	0.569469215	0.736594738	0.637950231	0.70616333	0.798313663	0.662222519	0.719300703	0.488717037	0.735574782	0.795648757	0.487362282	0.470837124	0.482287321	0.478428977	0.482135647	0.473889422	0.445877645	0.440908903	0.481166977	0.449178429	0.518023515	0.545389034	0.520058886	0.478041153	0.426677064	0.514538118	0.441917788	0.803773083	0.599433653	0.5267085	0.519422271	0.522269405	0.467414833	0.552668235	0.53409478	0.545861811	0.554687108	0.54489318	0.502064494	0.534826613
F23	0.558293591	0.569091641	0.478329844	0.789164228	0.619138914	0.608023641	0.558269938	0.733094091	0.412132045	0.690746416	0.421292401	0.401762673	0.401256029	0.434913232	0.427048901	0.426133333	0.38666555	0.443957218	0.462108346	0.447133062	0.418788891	0.494626143	0	0.458335253	0.417711526	0.39085694	0.435876172	0.424501063	0.430211404	0.440913776	0.462045541	0.655988069	0.551952213	0.617240427	0.729267735	0.539612749	0.624020764	0.470926317	0.641671023	0.722968056	0.47710119	0.425226613	0.454685151	0.461034701	0.412878394	0.454429911	0.45908067	0.419970734	0.48221036	0.448090985	0.457096583	0.417332205	0.390885511	0.382654223	0.387597867	0.4476566	0.380595198	0.769012875	0.506459945	0.47164147	0.439294804	0.443554236	0.443390962	0.43455994	0.480705117	0.450079152	0.471221706	0.427777904	0.421937173	0.437968157
F24	0.623326343	0.632788014	0.588171788	0.829062556	0.691914729	0.671605097	0.641297085	0.780301123	0.491774442	0.738207713	0.439965471	0.447236016	0.454614971	0.439748624	0.404043062	0.433764473	0.457800328	0.417101688	0.444957455	0.472953278	0.447505463	0.437396504	0.458335253	0	0.422442535	0.434674666	0.445438184	0.401448808	0.415380814	0.454738602	0.506382874	0.705344985	0.5937894	0.674058094	0.770449469	0.62663411	0.685172036	0.489749343	0.709122157	0.770789647	0.490603495	0.439867679	0.458958463	0.453970873	0.462837998	0.425081046	0.434389861	0.418885611	0.489636852	0.474234341	0.489362108	0.494998448	0.464520046	0.468058531	0.426669141	0.479220833	0.434803882	0.777090006	0.58763022	0.494215103	0.475664666	0.474651173	0.429015363	0.52487708	0.511339176	0.49887232	0.49592304	0.51269272	0.474642967	0.507024237
F25	0.644117888	0.644252602	0.585848583	0.83847024	0.70409712	0.683255778	0.646747232	0.793238892	0.495695099	0.757420219	0.407032961	0.403064626	0.476285195	0.454901243	0.431363379	0.427191771	0.390482369	0.39873089	0.394046164	0.428872225	0.44965574	0.447284147	0.417711526	0.422442535	0	0.439870987	0.444571808	0.359914661	0.407333271	0.391602944	0.546391053	0.722784949	0.613290148	0.690500651	0.787870635	0.648604507	0.705076655	0.486513536	0.716599702	0.787267081	0.447526222	0.443967395	0.466371103	0.437401223	0.43453573	0.422197134	0.390658654	0.429033482	0.472707449	0.453514984	0.501345947	0.491184208	0.451538189	0.434835616	0.396760276	0.472495254	0.425764344	0.778885405	0.594172351	0.515220561	0.516987621	0.508419036	0.463713569	0.518470962	0.509947875	0.521080532	0.512972915	0.526573362	0.438605336	0.502646415
F26	0.56206004	0.558427023	0.492363043	0.790349029	0.62577618	0.604220091	0.578998308	0.74091443	0.397504863	0.69298749	0.41273594	0.396563744	0.421291183	0.391827305	0.426327708	0.41413586	0.408191002	0.46334025	0.398523352	0.448896876	0.396827803	0.463080832	0.39085694	0.434674666	0.439870987	0	0.421444888	0.406852878	0.404077499	0.442696187	0.496502419	0.646978496	0.524983197	0.610542681	0.727972941	0.545420531	0.624219677	0.470670184	0.648870784	0.724814516	0.495260275	0.382356754	0.452011676	0.457484515	0.406344888	0.432969414	0.450891358	0.3965442	0.475506665	0.441201884	0.402315424	0.416518265	0.38621437	0.401501749	0.37586213	0.425846209	0.361462085	0.78855501	0.519633195	0.429219233	0.416906226	0.428633312	0.403794903	0.451470413	0.453010896	0.418834116	0.474197638	0.433673655	0.404294912	0.428905877
F27	0.620279854	0.60322266	0.561731878	0.81582746	0.674580277	0.66544872	0.61561973	0.771336334	0.437951457	0.730417182	0.434706292	0.454927479	0.442762427	0.421716837	0.44222799	0.456753357	0.408847404	0.422629322	0.447076453	0.473277485	0.43792469	0.477989166	0.435876172	0.445438184	0.444571808	0.421444888	0	0.427359326	0.43337432	0.465542994	0.518641841	0.695841837	0.589871131	0.662713941	0.765439121	0.600507361	0.67161371	0.495369126	0.699862824	0.761427428	0.487961377	0.437895144	0.470401136	0.45248419	0.452301984	0.456981772	0.423308625	0.442257915	0.469269046	0.44798584	0.469368095	0.494771882	0.430491555	0.403898896	0.44800089	0.474769836	0.408447955	0.78678889	0.558542344	0.478778927	0.442632371	0.468563442	0.43525962	0.505059783	0.500264225	0.484875235	0.531752996	0.489568506	0.464545524	0.472804932
F28	0.625125364	0.625787498	0.56624903	0.827967691	0.686905989	0.673489569	0.643057755	0.782112242	0.458263997	0.742614757	0.395017042	0.403521091	0.442351505	0.429968623	0.398797705	0.408450102	0.401053386	0.382035188	0.396748966	0.396556486	0.395408235	0.444344919	0.424501063	0.401448808	0.359914661	0.406852878	0.427359326	0	0.356345841	0.410346272	0.504343159	0.706319117	0.592278218	0.680905799	0.778715579	0.615154526	0.68804745	0.462897271	0.709003231	0.772240127	0.444082321	0.393037088	0.404139124	0.403296902	0.452757226	0.394413279	0.385915404	0.388512661	0.447613937	0.410929349	0.476349614	0.479526707	0.436972088	0.418313549	0.379928503	0.456602906	0.370985729	0.784817468	0.569958254	0.482049399	0.462083199	0.491940741	0.410251295	0.483730372	0.489779863	0.484168581	0.495503035	0.488206134	0.444097342	0.493368
F29	0.647505418	0.637204083	0.581443389	0.833825585	0.705664297	0.678037457	0.642652188	0.790236175	0.467530911	0.745794242	0.390602902	0.414350092	0.488307111	0.449261589	0.419926711	0.402728792	0.415923848	0.411388368	0.406511709	0.420252691	0.375172659	0.457275388	0.430211404	0.415380814	0.407333271	0.404077499	0.43337432	0.356345841	0	0.396819323	0.563261292	0.718688644	0.608755818	0.690822484	0.783139264	0.631885076	0.696328475	0.47532468	0.716754406	0.778114392	0.433136639	0.4290664	0.413443164	0.403847558	0.427981034	0.415465871	0.405195544	0.397663835	0.465275837	0.429501602	0.462371984	0.478775132	0.44949648	0.44058155	0.386150644	0.469352552	0.412179146	0.789629397	0.593187039	0.496891743	0.481686357	0.489208485	0.44227647	0.505795141	0.510718036	0.494719812	0.530011175	0.511625725	0.439727662	0.488448967
F30	0.671570993	0.677732978	0.611889528	0.846567789	0.727721167	0.709981376	0.675915297	0.809234857	0.517994013	0.774484538	0.428847912	0.441287825	0.52523352	0.495379482	0.474928038	0.466818555	0.407562046	0.459796301	0.41192084	0.452150981	0.450552559	0.475291075	0.440913776	0.454738602	0.391602944	0.442696187	0.465542994	0.410346272	0.396819323	0	0.601630361	0.744922018	0.656822189	0.715377114	0.803067118	0.664019792	0.729416068	0.541849392	0.740193014	0.800344373	0.458298443	0.465360592	0.463623043	0.43175953	0.460564429	0.430406649	0.404150859	0.460635676	0.470792011	0.459102419	0.51963743	0.512253098	0.487629148	0.470427154	0.440397027	0.500791916	0.470251793	0.784051578	0.627030533	0.520065456	0.520817534	0.542812437	0.483315143	0.558141069	0.545866475	0.559740037	0.575526771	0.543503788	0.486694592	0.544022429
F31	0.447325623	0.439070117	0.407267444	0.694759366	0.454277977	0.497520927	0.443860128	0.614692244	0.420828488	0.588474913	0.517390766	0.516776326	0.361442796	0.449503223	0.461770604	0.505210973	0.518293196	0.524049421	0.542811468	0.56194781	0.528109662	0.569469215	0.462045541	0.506382874	0.546391053	0.496502419	0.518641841	0.504343159	0.563261292	0.601630361	0	0.536719948	0.40959007	0.448673665	0.600659245	0.399524386	0.487958911	0.423304533	0.532598333	0.602699174	0.602859942	0.437322239	0.558544113	0.568283529	0.517163412	0.577594633	0.573513529	0.480176618	0.605762043	0.553133148	0.459341883	0.420222697	0.425625969	0.478615624	0.501412926	0.426192844	0.403445703	0.782660889	0.427684656	0.458101188	0.449160573	0.418619454	0.437004248	0.386547834	0.446218103	0.430917025	0.412757521	0.4200893	0.490801987	0.437124694
F32	0.422180577	0.40340662	0.498199409	0.471733838	0.348104054	0.364265214	0.388716338	0.402144078	0.593601177	0.345212148	0.694409438	0.694999384	0.595385539	0.622928031	0.667548234	0.673966112	0.683766236	0.716084261	0.715006601	0.722316507	0.690820398	0.736594738	0.655988069	0.705344985	0.722784949	0.646978496	0.695841837	0.706319117	0.718688644	0.744922018	0.536719948	0	0.431283331	0.397578237	0.334946642	0.40721987	0.345536685	0.624016054	0.354850045	0.382917111	0.747373796	0.631302616	0.717518437	0.728218113	0.664818573	0.706603744	0.744306229	0.687176841	0.754765191	0.720550092	0.579334614	0.532526082	0.578427572	0.646174593	0.673898378	0.590696351	0.615810557	0.760826238	0.480747763	0.553964358	0.604573662	0.526494754	0.627079589	0.528212329	0.560527167	0.496674037	0.570390614	0.561311924	0.658689783	0.549959648
F33	0.430967186	0.370970812	0.392119394	0.612157049	0.424382206	0.413380735	0.377163042	0.536908722	0.454534901	0.482153252	0.576353773	0.582818967	0.467909117	0.50122606	0.544174031	0.551507263	0.575610647	0.604854605	0.602087751	0.613652785	0.56376132	0.637950231	0.551952213	0.5937894	0.613290148	0.524983197	0.589871131	0.592278218	0.608755818	0.656822189	0.40959007	0.431283331	0	0.420535693	0.492061955	0.387073994	0.403843822	0.508656287	0.43125221	0.499225093	0.66003209	0.519434143	0.602084911	0.618160942	0.545966474	0.596528378	0.636300418	0.570678874	0.656031174	0.617791776	0.470467354	0.439453902	0.450362275	0.514800458	0.551262808	0.472347721	0.500009954	0.75816951	0.39837785	0.468202585	0.468053629	0.413602719	0.497608571	0.407263566	0.416604228	0.41644417	0.504133438	0.436543995	0.539087555	0.434814445
F34	0.456835183	0.454874452	0.403039469	0.536315876	0.338480922	0.387851625	0.362062099	0.455117001	0.556401607	0.431138531	0.658677161	0.667172398	0.532053159	0.600283972	0.633889066	0.638147673	0.65148455	0.682747425	0.685537431	0.689083472	0.657634427	0.70616333	0.617240427	0.674058094	0.690500651	0.610542681	0.662713941	0.680905799	0.690822484	0.715377114	0.448673665	0.397578237	0.420535693	0	0.421232721	0.38102622	0.362645417	0.588003517	0.385995066	0.420810512	0.719810718	0.602287023	0.68572547	0.693121032	0.633174798	0.679243171	0.705005866	0.651566446	0.726327793	0.698235561	0.547843841	0.526640486	0.538596913	0.612066442	0.638030789	0.557105178	0.582904464	0.7809952	0.464379806	0.541421146	0.57669367	0.514342635	0.587631543	0.51784677	0.518476106	0.505683227	0.558619116	0.499378659	0.623827918	0.544377269
F35	0.518647358	0.473112622	0.549681597	0.415567801	0.376443168	0.437981574	0.468456117	0.352979786	0.670032697	0.390187553	0.759856125	0.761199737	0.670152254	0.701559829	0.7413458	0.747917836	0.759176524	0.777962398	0.780487378	0.784728495	0.757857061	0.798313663	0.729267735	0.770449469	0.787870635	0.727972941	0.765439121	0.778715579	0.783139264	0.803067118	0.600659245	0.334946642	0.492061955	0.421232721	0	0.497754117	0.359319031	0.693532776	0.353163934	0.349487843	0.807479897	0.708688681	0.777599638	0.78732795	0.742280496	0.772132866	0.79719209	0.754810723	0.808005194	0.787801409	0.666048037	0.642693173	0.67012125	0.731857008	0.745572175	0.665805915	0.706784143	0.776097331	0.54497159	0.656288844	0.69366976	0.636309909	0.697545903	0.613506483	0.637243708	0.609162459	0.636984489	0.634195166	0.727288918	0.63953554
F36	0.4066892	0.381021299	0.429233109	0.591067252	0.384368675	0.43402312	0.393418932	0.5134178	0.486444472	0.48442318	0.604685547	0.596869229	0.512720182	0.516673317	0.576022717	0.581855218	0.596959033	0.639220637	0.632714513	0.637693131	0.596722972	0.662222519	0.539612749	0.62663411	0.648604507	0.545420531	0.600507361	0.615154526	0.631885076	0.664019792	0.399524386	0.40721987	0.387073994	0.38102622	0.497754117	0	0.412313865	0.514189138	0.452588398	0.511423261	0.669620541	0.523805994	0.629499426	0.636980909	0.583434938	0.630195561	0.656173239	0.591162367	0.675633866	0.631599148	0.479938587	0.454489829	0.456455368	0.541446651	0.58437144	0.489103941	0.516694192	0.784463008	0.386960248	0.450471971	0.493653714	0.424453974	0.533646109	0.417061707	0.445504327	0.407036571	0.46188428	0.433312981	0.561747535	0.458825476
F37	0.40733328	0.42344999	0.426922153	0.523613422	0.351037836	0.347511217	0.396934315	0.417535268	0.555145444	0.423665802	0.670277825	0.672737225	0.552161883	0.590229732	0.642232935	0.657867389	0.663542806	0.69348992	0.695390287	0.705363228	0.666273984	0.719300703	0.624020764	0.685172036	0.705076655	0.624219677	0.67161371	0.68804745	0.696328475	0.729416068	0.487958911	0.345536685	0.403843822	0.362645417	0.359319031	0.412313865	0	0.575387586	0.352422996	0.332826078	0.737203407	0.604723039	0.697493499	0.701802224	0.638739842	0.687261981	0.722024599	0.661414133	0.737213465	0.703031761	0.546911944	0.516561453	0.54161622	0.629978087	0.651387713	0.547904465	0.601693515	0.76709615	0.413609051	0.53516089	0.570450939	0.518897993	0.608591059	0.488430122	0.533906963	0.466969765	0.534299103	0.506254699	0.637064642	0.5125713
F38	0.5333116	0.516816578	0.493488115	0.762407672	0.587997849	0.564074343	0.517959681	0.713135886	0.433456005	0.655265386	0.483375787	0.464445175	0.446536153	0.420008212	0.427700579	0.429633593	0.45747303	0.467937711	0.474915076	0.516132953	0.484402905	0.488717037	0.470926317	0.489749343	0.486513536	0.470670184	0.495369126	0.462897271	0.47532468	0.541849392	0.423304533	0.624016054	0.508656287	0.588003517	0.693532776	0.514189138	0.575387586	0	0.599414325	0.685032126	0.543879819	0.426174584	0.493571114	0.487981126	0.467011014	0.516344255	0.478513698	0.432336711	0.533633043	0.47694701	0.453080673	0.469320255	0.441408913	0.470659451	0.43283285	0.436912105	0.40036867	0.77253658	0.50276801	0.455849021	0.473883607	0.440929255	0.427573183	0.438372415	0.42758411	0.436453034	0.438216431	0.472525879	0.479000721	0.432185799
F39	0.451002609	0.419111848	0.484381797	0.528690807	0.40071323	0.438218211	0.394631914	0.442414209	0.60242645	0.43247751	0.712436856	0.687915843	0.610382126	0.623607661	0.671398127	0.675080453	0.679648777	0.713216488	0.716243909	0.73344578	0.697278504	0.735574782	0.641671023	0.709122157	0.716599702	0.648870784	0.699862824	0.709003231	0.716754406	0.740193014	0.532598333	0.354850045	0.43125221	0.385995066	0.353163934	0.452588398	0.352422996	0.599414325	0	0.364227514	0.748356159	0.655148428	0.714402777	0.7152466	0.668403232	0.710824185	0.737253325	0.691017448	0.753818539	0.719385654	0.592221152	0.567738517	0.601140552	0.657325035	0.681002081	0.590612293	0.643745444	0.752819456	0.500832342	0.567330194	0.618103416	0.558466056	0.633128043	0.545240624	0.560084644	0.562364244	0.566189184	0.576375666	0.661661965	0.579647501
F40	0.483776671	0.507614647	0.537447701	0.408074709	0.413899538	0.430101104	0.482127357	0.376590055	0.678945759	0.379911911	0.76041203	0.758397092	0.660122108	0.69979742	0.743492856	0.747037261	0.753146327	0.777675277	0.777899289	0.785030887	0.755021204	0.795648757	0.722968056	0.770789647	0.787267081	0.724814516	0.761427428	0.772240127	0.778114392	0.800344373	0.602699174	0.382917111	0.499225093	0.420810512	0.349487843	0.511423261	0.332826078	0.685032126	0.364227514	0	0.807242773	0.713191178	0.776447177	0.780506118	0.734641392	0.769153825	0.795106498	0.753414514	0.808054046	0.782568838	0.664968612	0.63526113	0.658812052	0.723887686	0.74611335	0.667988942	0.70589471	0.764652444	0.562594853	0.653642105	0.684779272	0.630385702	0.700306585	0.601780328	0.634328833	0.593400072	0.637704117	0.635240146	0.73165869	0.63282432
F41	0.678137773	0.678349359	0.630814371	0.853274707	0.735502735	0.711579486	0.678140835	0.812661465	0.528131749	0.77883425	0.466199974	0.4946141	0.543807938	0.512054379	0.484272302	0.468517852	0.451644832	0.474574512	0.484592083	0.470565121	0.484429306	0.487362282	0.47710119	0.490603495	0.447526222	0.495260275	0.487961377	0.444082321	0.433136639	0.458298443	0.602859942	0.747373796	0.66003209	0.719810718	0.807479897	0.669620541	0.737203407	0.543879819	0.748356159	0.807242773	0	0.498164456	0.461506279	0.456796149	0.502780751	0.459943767	0.445896026	0.452026006	0.445742097	0.486663791	0.534935152	0.539910156	0.522131898	0.471889742	0.437295747	0.531573376	0.475514781	0.796169564	0.625161872	0.545460451	0.543939614	0.550317092	0.493433296	0.556986326	0.558204381	0.563966921	0.583189	0.549567326	0.46682736	0.548552643
F42	0.561211886	0.544136061	0.498797566	0.777806504	0.605536338	0.589308047	0.547440481	0.729574545	0.396069292	0.675545318	0.418662986	0.413645189	0.379058401	0.407527167	0.417653443	0.398373252	0.401951431	0.436138033	0.437696453	0.433314026	0.419625439	0.470837124	0.425226613	0.439867679	0.443967395	0.382356754	0.437895144	0.393037088	0.4290664	0.465360592	0.437322239	0.631302616	0.519434143	0.602287023	0.708688681	0.523805994	0.604723039	0.426174584	0.655148428	0.713191178	0.498164456	0	0.448758369	0.425508998	0.459358694	0.439288737	0.455046441	0.41777026	0.49351541	0.469289267	0.432788104	0.448660881	0.378741679	0.423037673	0.431921536	0.444747785	0.343256987	0.778339245	0.500659842	0.424061009	0.400830536	0.445462289	0.353074757	0.428079266	0.459724285	0.434605278	0.440714676	0.420738999	0.440071171	0.418176213
F43	0.648493899	0.638039474	0.579356467	0.833266439	0.702779597	0.670930061	0.642731357	0.790831232	0.487127181	0.746765434	0.443787428	0.43749749	0.495474921	0.479768577	0.442760955	0.434539773	0.430400107	0.455183028	0.432185504	0.427182134	0.44332355	0.482287321	0.454685151	0.458958463	0.466371103	0.452011676	0.470401136	0.404139124	0.413443164	0.463623043	0.558544113	0.717518437	0.602084911	0.68572547	0.777599638	0.629499426	0.697493499	0.493571114	0.714402777	0.776447177	0.461506279	0.448758369	0	0.437228711	0.46730053	0.43832419	0.445167063	0.432049814	0.474761836	0.441526931	0.475422356	0.51433091	0.498646038	0.453942469	0.417770425	0.487296967	0.44937995	0.784912265	0.58431611	0.511053143	0.484443154	0.514836173	0.429574173	0.526880856	0.497341668	0.518238371	0.547819369	0.516782238	0.461829957	0.511399346
F44	0.65362507	0.651187641	0.603190674	0.833101686	0.707446377	0.677725433	0.643017455	0.794113938	0.503733167	0.748892536	0.439829208	0.415267369	0.49642077	0.457564906	0.450104469	0.427221337	0.413435132	0.416820355	0.433453611	0.428712409	0.435516636	0.478428977	0.461034701	0.453970873	0.437401223	0.457484515	0.45248419	0.403296902	0.403847558	0.43175953	0.568283529	0.728218113	0.618160942	0.693121032	0.78732795	0.636980909	0.701802224	0.487981126	0.7152466	0.780506118	0.456796149	0.425508998	0.437228711	0	0.470363802	0.418973698	0.421072245	0.449318904	0.465264311	0.423657505	0.50358848	0.521330182	0.472420194	0.44097307	0.418183292	0.48269453	0.440459857	0.796185535	0.610889666	0.522139432	0.482853755	0.525654361	0.479966567	0.537785778	0.511031095	0.531722787	0.5455573	0.526024119	0.45126666	0.512917949
F45	0.590863064	0.584808681	0.512689872	0.803714263	0.646283711	0.612550521	0.580009227	0.751072691	0.456041143	0.703544004	0.430796276	0.418430138	0.441273564	0.442753682	0.421054495	0.411986999	0.409672907	0.455785714	0.441459486	0.455262382	0.443139791	0.482135647	0.412878394	0.462837998	0.43453573	0.406344888	0.452301984	0.452757226	0.427981034	0.460564429	0.517163412	0.664818573	0.545966474	0.633174798	0.742280496	0.583434938	0.638739842	0.467011014	0.668403232	0.734641392	0.502780751	0.459358694	0.46730053	0.470363802	0	0.45398239	0.464443631	0.433389603	0.488770907	0.458600797	0.431553217	0.431790733	0.432173733	0.430070932	0.424359725	0.463947507	0.41954923	0.750351927	0.538025591	0.466757431	0.44565602	0.476547401	0.446393898	0.488911441	0.440821918	0.453794781	0.496181977	0.477165464	0.421405068	0.479691501
F46	0.648358954	0.627617839	0.58475549	0.82540759	0.688451167	0.661757599	0.647830584	0.783294608	0.488857413	0.733767304	0.434975262	0.438943102	0.499670955	0.469320629	0.443882656	0.458335469	0.442607335	0.447126236	0.416425192	0.451323155	0.421514301	0.473889422	0.454429911	0.425081046	0.422197134	0.432969414	0.456981772	0.394413279	0.415465871	0.430406649	0.577594633	0.706603744	0.596528378	0.679243171	0.772132866	0.630195561	0.687261981	0.516344255	0.710824185	0.769153825	0.459943767	0.439288737	0.43832419	0.418973698	0.45398239	0	0.431129339	0.473226074	0.464511213	0.434740686	0.492024411	0.47842762	0.474179089	0.445391778	0.423209315	0.48229722	0.439298737	0.781607026	0.58223709	0.489293107	0.477054123	0.511103069	0.462746057	0.522362423	0.48471447	0.503164406	0.524412743	0.507425779	0.463355066	0.513063158
F47	0.675673262	0.667212686	0.603346816	0.843977494	0.725212977	0.707551584	0.672402474	0.812506046	0.501646791	0.771241212	0.432741506	0.421251259	0.499960788	0.456596203	0.425662914	0.443918064	0.4097597	0.39420308	0.424488417	0.468719455	0.455345991	0.445877645	0.45908067	0.434389861	0.390658654	0.450891358	0.423308625	0.385915404	0.405195544	0.404150859	0.573513529	0.744306229	0.636300418	0.705005866	0.79719209	0.656173239	0.722024599	0.478513698	0.737253325	0.795106498	0.445896026	0.455046441	0.445167063	0.421072245	0.464443631	0.431129339	0	0.400385675	0.465833675	0.426987196	0.497316588	0.521083343	0.487048335	0.432214198	0.411144582	0.51173632	0.422213534	0.767548218	0.623534183	0.545310433	0.519642576	0.529609332	0.451685433	0.530152825	0.520932357	0.530941661	0.53635762	0.550187917	0.455403382	0.501772032
F48	0.605665549	0.59797443	0.539015719	0.814756278	0.667392971	0.640440183	0.600255863	0.769032212	0.429503829	0.716784339	0.430855594	0.379864027	0.427209426	0.429278675	0.390066963	0.429108659	0.412393645	0.399169747	0.421268555	0.447955885	0.4041551	0.440908903	0.419970734	0.418885611	0.429033482	0.3965442	0.442257915	0.388512661	0.397663835	0.460635676	0.480176618	0.687176841	0.570678874	0.651566446	0.754810723	0.591162367	0.661414133	0.432336711	0.691017448	0.753414514	0.452026006	0.41777026	0.432049814	0.449318904	0.433389603	0.473226074	0.400385675	0	0.475163282	0.420125943	0.421640411	0.469004944	0.431958483	0.436991	0.394148881	0.44034025	0.370923949	0.799710559	0.55529312	0.482595049	0.426798432	0.455900651	0.418056822	0.485658955	0.484090027	0.451059993	0.470638336	0.482121727	0.429126715	0.461980413
